 -1  -1  -1  -1  -1  -1  -1  -1  -1  -1  -1  -1  -1  -1  -1  -1  -1  -1  -1  -1  -1  -2  -1  -1  -1  -1  -1  -1  -1  -1  -1  -1  -1  -1  -1  -1  -1  -1  -1  -1  -1  -1  -1  -1  -1  -1  -1  -1  -1  -1 

 -1  21  20  19  18  17  -4  -4  -4  -4  -4  -4  -4  -4  -4  -4  -4  -4  -4  -4  -4  -4   2   3   4  -1   8   9  10  -1  14  15  16  17  18  19  20  21  22  23  24  -1  26  27  28  29  30  31  32  -1 

 -1  22  21  20  19  -1  -4  16  15  14  13  12  11  10   9  -1   7  -1   5   4   3   2   3   4   5   6   7   8  -1  -1  13  14  15  16  17  18  19  20  21  22  23  24  25  26  27  28  29  30  31  -1 

 -1  23  22  21  -1  -4  -4  17  16  15  14  -1  12  11  10   9   8   7   6   5   4   3   4   5  -1  -1   8   9  10  11  12  13  14  15  16  17  18  -1  22  -1  24  25  26  27  28  29  30  -1  32  -1 

 -1  24  23  22  -4  -4  19  18  17  16  15  14  13  12  11  10   9   8   7   6   5   4   5   6   7   8   9  -1  11  12  -1  14  15  -1  17  18  19  20  21  -1  -1  -1  27  28  29  30  31  32  33  -1 

 -1  25  24  -1  -4  21  20  19  18  17  16  15  14  13  12  11  10   9   8   7   6   5   6   7   8   9  10  11  12  13  14  15  16  17  -1  19  20  21  22  -1  26  27  28  29  30  31  32  33  34  -1 

 -1  26  -1  -4  -4  22  21  20  19  18  17  16  -1  -1  13  12  -1  10   9   8   7   6   7   8   9  10  11  12  13  14  15  16  17  18  19  20  21  -1  23  24  25  26  27  28  29  30  31  32  33  -1 

 -1  27  -4  -4  24  23  22  21  -1  19  -1  17  16  15  14  13  12  11  10   9   8   7  -1  -1  10  11  -1  13  14  15  16  17  18  19  20  21  22  23  24  25  26  27  28  29  30  31  32  33  34  -1 

 -1  28  -4  26  25  24  23  22  21  20  -1  18  17  16  15  14  -1  12  11  10   9   8   9  10  11  12  13  14  15  16  17  18  19  20  21  22  23  24  25  26  27  28  29  30  31  32  33  34  35  -1 

 -1  29  -4  -1  26  25  24  -1  22  21  20  19  18  17  16  -1  14  13  12  -1  10   9  -1  11  12  13  14  15  16  17  18  19  -1  21  22  23  24  -1  26  27  28  29  30  -1  32  33  34  35  36  -1 

 -1  30  -4  28  27  26  25  24  23  22  21  20  19  18  17  16  15  -1  13  12  11  -1  13  12  13  14  15  16  17  18  19  20  -1  22  -1  24  25  26  27  28  29  30  -1  34  33  34  35  -1  37  -1 

 -1  31  -4  29  28  27  26  25  24  23  22  21  20  19  18  17  16  15  14  13  12  13  14  13  14  -1  -1  17  18  19  20  21  22  23  24  25  -1  -1  28  29  30  31  -1  35  34  35  36  37  38  -1 

 -1  32  -4  30  29  28  27  -1  25  -1  23  -1  21  20  19  18  17  16  15  14  13  14  15  14  15  16  17  18  19  20  -1  22  23  24  25  26  27  28  29  30  -1  32  33  34  35  36  37  38  39  -1 

 -1  -1  -4  31  30  29  28  27  26  25  24  23  22  21  20  19  18  17  16  15  14  15  16  15  16  17  18  19  20  21  22  23  24  25  26  27  28  29  30  31  32  33  34  35  -1  37  38  39  40  -1 

 -1  -4  -4  32  31  30  29  -1  27  26  25  24  23  -1  -1  20  19  18  17  16  15  16  17  16  17  18  19  20  21  22  -1  -1  25  26  27  -1  29  30  -1  32  33  34  -1  36  37  38  39  40  41  -1 

 -1  -4  34  33  32  31  30  29  28  27  26  25  24  23  22  21  -1  19  18  17  16  17  18  17  18  19  20  21  22  23  24  25  26  27  28  -1  30  31  32  33  34  35  36  37  38  39  40  41  42  -1 

 -1  -4  35  34  33  32  31  30  29  28  27  26  25  24  23  22  21  20  19  18  17  18  19  18  19  20  21  22  -1  -1  25  26  27  -1  29  30  31  32  33  34  35  36  37  38  -1  40  41  42  43  -1 

 -1  -4  36  35  34  33  -1  31  30  -1  28  27  26  25  -1  23  22  -1  20  19  18  19  20  19  20  21  22  23  24  25  26  27  -1  31  30  31  32  33  34  35  36  37  38  39  40  41  42  43  44  -1 

 -1  -4  37  36  35  34  33  32  31  30  29  -1  27  26  25  24  23  22  21  20  19  20  21  20  21  22  -1  24  25  26  27  28  29  30  31  32  33  34  35  36  37  38  39  40  41  42  43  44  -1  -1 

 -1  -4  38  37  36  35  34  33  32  31  30  -1  28  27  26  25  24  -1  22  21  -1  21  22  21  -1  23  24  25  26  27  28  29  30  -1  32  33  34  35  36  37  38  39  40  41  42  -1  44  45  46  -1 

 -1  -4  39  38  37  36  -1  34  33  32  31  30  29  -1  27  26  25  24  23  22  23  -1  23  22  23  -1  25  26  27  28  29  30  31  32  33  34  35  36  37  38  39  40  41  42  43  44  -1  46  47  -1 

 -1  -4  40  39  38  37  36  35  34  -1  32  31  30  29  28  27  -1  25  24  23  24  25  24  23  -1  27  26  27  28  -1  30  -1  32  33  34  35  36  37  38  39  40  41  42  43  -1  45  46  -1  -1  -1 

 -1  -4  41  40  39  38  37  36  35  34  33  32  31  30  29  28  29  -1  -1  24  25  26  25  24  25  26  27  28  29  30  31  32  33  34  35  36  37  38  39  40  41  42  43  44  45  46  47  -1   0  -1 

 -1  -4  42  41  40  39  38  37  36  35  34  33  -1  -1  30  -1  30  29  -1  25  26  27  26  25  26  27  -1  29  -1  31  32  33  34  35  36  37  38  39  40  41  42  43  44  45  46  47  48  49  -1  -1 

 -1  -4  43  42  41  40  39  38  37  36  35  34  33  32  31  30  29  28  27  26  27  28  -1  26  27  28  29  30  31  32  -1  34  35  36  37  38  39  40  41  42  43  44  45  46  47  48  49  50  51  -1 

 -3  -4  44  43  42  -1  40  39  38  37  36  -1  34  33  32  31  30  29  28  27  28  29  28  27  28  29  30  31  32  33  34  35  36  37  38  39  40  41  42  43  44  45  46  47  48  -1  50  51  52  -1 

 -1  46  45  44  43  42  41  40  39  -1  37  36  35  34  33  32  31  30  -1  -1  29  30  29  28  29  30  -1  32  33  34  35  36  37  38  39  40  41  42  43  44  45  46  47  48  49  -1  51  52  53  -1 

 -1  47  46  45  44  43  42  41  40  41  -1  37  -1  35  34  -1  32  31  32  31  30  31  30  29  30  31  32  33  34  35  -1  -1  38  39  40  41  42  43  44  45  46  47  48  49  50  51  52  53  54  -1 

 -1  48  47  46  45  44  43  42  41  40  39  38  37  36  35  34  33  32  33  32  31  32  -1  30  31  32  33  34  35  36  37  38  -1  40  41  42  43  44  45  46  47  48  49  50  51  52  53  -1  55  -1 

 -1  49  48  47  46  45  44  43  42  41  40  39  38  37  36  35  34  -1  -1  33  32  33  -1  31  32  -1  34  35  36  37  38  -1  42  -1  -1  43  44  45  -1  47  48  49  -1  51  52  53  54  55  56  -1 

 -1  50  49  -1  47  46  45  44  43  42  41  40  39  38  37  36  35  36  37  -1  33  -1  33  32  33  34  35  36  37  38  39  40  41  42  43  44  45  46  47  48  49  50  51  52  53  54  55  56  57  -1 

 -1  51  50  49  48  47  46  45  44  43  42  41  40  39  38  -1  36  -1  36  35  34  -1  -1  33  34  35  36  37  38  39  40  41  42  43  44  45  46  47  48  49  50  51  52  53  54  55  56  57  58  -1 

 -1  52  51  50  49  48  47  46  45  44  43  42  41  40  39  38  37  38  -1  -1  35  36  35  34  35  36  37  38  39  40  41  42  43  44  45  46  47  48  49  50  51  52  53  54  -1  56  57  58  59  -1 

 -1  53  52  51  50  49  48  47  46  45  -1  43  42  41  40  39  38  39  40  41  -1  37  36  -1  36  -1  -1  39  40  41  42  43  44  45  46  47  -1  49  50  51  52  53  54  -1  58  57  58  59  60  -1 

 -1  54  -1  52  51  50  49  48  47  46  45  44  43  42  41  40  39  -1  41  40  39  38  37  38  37  38  39  40  41  42  43  44  45  46  47  48  49  50  51  52  53  -1  55  56  57  58  59  60  61  -1 

 -1  55  54  53  52  -1  50  49  48  47  46  45  44  43  42  41  40  41  42  41  40  39  38  39  38  39  40  41  42  43  44  45  46  47  48  49  50  51  52  53  54  55  56  57  58  59  60  -1  62  -1 

 -1  56  55  54  53  52  51  50  49  48  47  46  45  44  43  42  41  42  43  -1  41  40  39  40  39  40  41  42  43  44  45  46  -1  -1  49  50  51  52  53  54  55  56  57  58  59  60  61  62  63  -1 

 -1  57  56  55  54  53  -1  51  50  49  48  47  46  45  44  43  42  43  44  43  42  41  40  -1  40  41  42  43  44  45  -1  47  48  49  50  51  52  53  54  -1  56  -1  58  59  60  61  62  63  64  -1 

 -1  58  57  56  55  54  53  52  -1  50  -1  48  47  46  45  44  43  -1  45  -1  43  42  41  42  -1  42  43  44  45  46  47  48  49  50  51  52  53  54  55  56  57  58  59  -1  61  62  63  64  -1  -1 

 -1  59  58  -1  56  55  54  -1  54  -1  50  49  48  -1  46  45  44  45  -1  45  44  43  42  43  44  43  44  45  46  47  48  49  50  -1  52  53  54  55  56  57  -1  59  60  61  -1  63  64  -1  68  -1 

 -1  60  59  58  57  56  55  54  53  52  51  50  49  -1  47  46  45  46  47  46  45  44  43  44  -1  44  45  46  47  48  49  50  51  52  53  -1  55  56  57  58  59  60  61  62  63  64  65  66  67  -1 

 -1  61  60  59  58  57  56  55  54  53  -1  51  50  51  -1  -1  46  -1  48  47  46  -1  -1  45  46  45  46  47  48  49  50  51  52  53  54  55  -1  57  58  59  60  61  62  63  -1  65  66  67  68  -1 

 -1  62  -1  60  59  58  57  56  55  54  55  -1  -1  50  49  48  47  48  49  48  47  -1  47  46  47  46  47  48  49  50  51  52  53  -1  55  56  57  -1  59  60  61  62  63  -1  67  66  67  68  69  -1 

 -1  63  64  -1  60  59  -1  57  56  55  54  53  52  51  -1  49  48  49  50  49  48  49  48  47  48  47  48  49  50  -1  52  53  54  55  56  57  -1  61  60  61  62  63  64  65  66  67  68  -1  -1  -1 

 -1  64  -1  62  61  60  59  58  57  56  -1  54  53  52  51  50  49  50  51  50  49  50  49  48  49  48  49  50  51  52  53  54  55  56  57  -1  61  62  61  62  63  64  65  66  67  68  69  70  71  -1 

 -1  65  64  63  62  61  60  59  58  57  56  55  54  53  52  -1  50  51  52  51  50  -1  50  49  50  49  50  51  52  53  54  55  56  57  58  59  60  -1  62  63  64  65  66  67  68  69  70  71  72  -1 

 -1  66  65  64  -1  62  61  -1  59  -1  57  56  55  54  53  54  -1  -1  53  52  51  52  -1  50  51  50  -1  52  53  54  55  56  57  58  59  60  61  62  63  64  65  66  67  68  69  70  -1  -1  73  -1 

 -1  67  -1  65  64  63  62  61  60  59  58  57  56  55  54  55  56  57  -1  53  52  53  54  -1  52  51  52  53  54  55  56  57  58  59  60  61  62  63  64  65  66  67  68  69  70  71  72  73  74  -1 

 -1  68  67  66  -1  64  -1  62  61  60  59  58  57  56  55  -1  57  56  55  54  53  54  55  54  53  52  53  54  55  56  57  58  59  60  -1  62  -1  64  65  66  67  68  69  70  71  72  73  74  75  -1 

 -1  -1  -1  -1  -1  -1  -1  -1  -1  -1  -1  -1  -1  -1  -1  -1  -1  -1  -1  -1  -1  -1  -1  -1  -1  -1  -1  -1  -1  -1  -1  -1  -1  -1  -1  -1  -1  -1  -1  -1  -1  -1  -1  -1  -1  -1  -1  -1  -1  -1 

